[PoseTracking]

nfeatures=1000
scaleFactor=1.2
nlevels=8
iniThFAST=20
minThFAST=12

fx=520.908620
fy=521.007327
cx=325.141442
cy=249.701764

k1= 0.231222
k2=-0.784899
p1=-0.003257
p2=-0.000105
k3=0.917205