[PoseTracking]

nfeatures=200
scaleFactor=1.2
nlevels=8
iniThFAST=25
minThFAST=18

fx=520.908620
fy=521.007327
cx=325.141442
cy=249.701764

k1= 0.231222
k2=-0.784899
p1=-0.003257
p2=-0.000105
k3=0.917205

fps=30
width=640
height=480

KeyFrameSize=0.05
KeyFrameLineWidth=1.0
GraphLineWidth=0.9
PointSize=2.0
CameraSize=0.08
CameraLineWidth=3.0
ViewpointX=0
ViewpointY=-0.7
ViewpointZ=-1.8
ViewpointF=500