[PoseTracking]

nfeatures=200
scaleFactor=1.2
nlevels=8
iniThFAST=25
minThFAST=18

fx=517.306408
fy=516.469215
cx=318.643040
cy=255.313989

k1= 0.262383
k2=-0.953104
p1=-0.005358
p2=0.002628
k3=1.163314

fps=30
width=640
height=480

KeyFrameSize=0.05
KeyFrameLineWidth=1.0
GraphLineWidth=0.9
PointSize=2.0
CameraSize=0.08
CameraLineWidth=3.0
ViewpointX=0
ViewpointY=-0.7
ViewpointZ=-1.8
ViewpointF=500